stop_id,stop_level
1,60
2,60
3,60
4,60
5,60
7,60
8,60
9,60
10,60
11,60
12,60
13,60
14,60
15,60
16,60
17,60
18,60
19,60
20,60
21,60
22,60
23,60
24,60
25,60
26,60
27,60
28,60
29,60
30,60
31,60
32,60
37,60
38,60
39,40
40,60
43,60
46,60
47,60
48,40
49,60
50,60
51,60
52,60
53,60
54,60
55,60
56,40
57,40
58,60
59,60
60,60
61,60
62,60
63,60
64,60
65,60
66,40
67,60
68,60
69,60
70,60
71,60
72,60
73,60
74,60
75,60
76,60
77,60
78,60
79,60
80,60
81,60
85,60
86,60
87,60
88,60
89,60
90,60
91,60
92,60
93,60
94,60
95,60
96,60
97,60
98,60
99,60
100,60
101,60
102,60
103,60
104,60
105,60
106,60
107,60
108,60
109,60
110,60
111,60
112,60
113,60
115,60
116,60
117,60
118,60
119,60
120,60
121,60
122,60
123,60
124,60
125,60
127,60
128,60
129,40
130,60
131,40
133,40
134,60
135,40
136,60
137,40
138,60
139,40
140,60
141,60
142,60
143,40
144,60
145,60
146,60
147,60
148,60
149,60
150,60
151,60
152,40
153,60
154,40
155,60
156,40
157,60
158,60
159,60
160,60
161,60
162,60
163,60
165,80
166,80
167,60
168,60
169,60
171,60
172,60
173,60
174,60
175,60
176,60
177,60
178,60
179,60
180,60
181,60
182,60
183,60
184,60
185,60
186,60
187,60
188,60
189,60
190,60
191,60
192,60
193,60
194,60
195,60
196,60
197,60
198,60
199,60
200,60
201,60
202,80
203,60
204,60
205,60
206,60
207,60
208,60
209,60
210,60
211,60
212,60
213,60
214,60
215,60
216,60
217,60
218,60
219,60
220,60
222,60
223,60
224,60
226,60
227,60
228,60
229,60
230,60
231,60
232,60
233,60
234,60
235,60
236,60
237,60
238,60
239,60
240,60
241,60
242,60
243,60
244,60
245,60
246,60
247,100
248,60
249,60
250,60
251,60
252,60
253,60
254,60
255,60
256,60
257,60
258,60
259,60
260,60
261,60
262,60
263,60
264,60
265,60
266,60
267,60
269,60
270,60
271,60
272,60
273,60
274,60
275,60
276,60
277,60
278,60
279,60
280,60
281,60
282,60
283,60
284,60
285,60
286,60
287,60
288,60
289,60
290,60
291,60
292,80
293,60
294,60
295,60
296,60
297,60
298,60
300,60
301,60
303,60
304,60
305,60
306,60
307,60
308,60
309,60
310,60
311,60
312,60
313,60
314,60
315,60
316,60
317,60
318,60
319,60
320,60
321,60
322,60
323,60
324,60
325,60
326,60
327,60
328,60
329,60
330,60
331,60
333,60
334,60
335,60
338,60
339,60
340,60
342,60
344,80
345,60
346,60
347,60
348,60
349,60
350,60
351,60
352,60
353,60
354,60
355,60
356,60
357,60
358,60
360,60
361,60
362,60
363,60
364,60
365,60
366,60
368,60
369,60
370,60
371,60
372,60
374,60
375,60
376,60
377,60
378,60
379,60
380,60
382,60
383,60
384,60
385,60
386,60
387,60
388,60
389,60
390,60
391,60
392,60
393,60
395,60
397,60
400,60
401,60
402,60
403,60
404,80
405,60
406,60
407,80
408,60
409,60
410,60
412,60
413,60
414,60
415,60
416,60
417,60
420,60
421,60
422,60
423,60
424,60
425,60
426,60
427,60
428,60
429,60
430,60
431,60
432,60
433,60
434,60
435,60
436,60
437,60
438,60
439,60
440,60
441,60
443,60
444,60
446,60
447,60
448,60
449,60
450,60
451,60
452,60
453,60
454,60
455,60
456,60
457,60
458,60
459,60
460,60
461,60
462,60
463,60
464,60
466,60
467,40
468,60
469,60
470,60
471,40
472,60
473,60
474,60
475,60
476,60
477,60
478,60
479,60
481,60
484,60
485,60
486,60
488,60
490,60
491,60
492,60
493,60
494,60
495,60
496,60
497,60
524,60
527,60
1278,60
1279,60
1280,60
1281,60
1282,60
1283,80
1284,80
1285,60
1286,60
1287,60
1289,60
1290,60
1291,60
1292,60
1293,60
1295,60
1296,60
1297,60
1298,60
1299,60
1300,60
1301,60
1302,60
1303,60
1304,60
1305,60
1307,60
1308,60
1309,60
1310,60
1311,100
1312,100
1313,60
1314,60
1315,60
1316,80
1318,60
1319,60
1320,60
1322,60
1323,60
1324,60
1325,60
1326,60
1327,60
1328,60
1329,60
1331,60
1332,60
1333,60
1334,60
1335,60
1337,60
1338,60
1339,60
1340,40
1341,60
1342,60
1343,60
1347,60
1348,60
1349,60
1350,60
1351,60
1357,60
1358,60
1359,60
1360,60
1361,60
1362,60
1363,60
1364,60
1365,60
1366,60
1367,60
1369,60
1370,60
1371,60
1372,60
1373,60
1374,60
1375,60
1376,60
1378,60
1380,60
1381,20
1383,60
1384,60
1385,60
1386,60
1388,60
1389,60
1391,60
1392,60
1393,60
1394,20
1395,60
1397,60
1398,60
1399,60
1400,60
1401,60
1402,60
1404,60
1405,60
1408,60
1409,60
1410,60
1411,60
1412,60
1413,60
1414,60
1415,60
1416,60
1417,60
1418,60
1419,60
1420,60
1421,60
1422,60
1424,60
1425,60
1426,60
1427,60
1429,60
1431,60
1432,60
1433,60
1434,60
1437,60
1440,60
1442,60
1443,60
1444,60
1445,60
1446,60
1447,60
1504,60
1685,60
2120,60
2189,60
2213,60
2214,60
2215,60
2216,60
2217,60
2218,60
2219,60
2220,60
2221,60
2222,60
2223,60
2224,60
2225,60
2226,60
2227,60
2229,60
2230,60
2231,60
2232,60
2233,60
2234,60
2237,60
2238,60
2239,60
2240,60
2241,60
2242,60
2243,60
2244,60
2245,60
2246,60
2247,60
2248,60
2249,60
2250,60
2253,60
2254,60
2255,60
2256,60
2257,60
2258,60
2260,60
2261,60
2262,60
2265,60
2266,60
2267,60
2268,60
2271,60
2272,60
2273,60
2274,60
2275,60
2276,60
2277,60
2278,60
2281,60
2282,60
2283,60
2284,60
2285,60
2286,60
2287,60
2288,60
2289,60
2291,60
2292,60
2293,60
2294,60
2295,60
2296,60
2297,60
2298,60
2299,60
2300,60
2301,60
2302,60
2303,60
2304,60
2307,60
2309,60
2310,60
2311,60
2312,60
2318,60
2319,60
2321,60
2322,60
2323,60
2325,60
2329,60
2330,60
2331,60
2332,60
2333,60
2334,60
2335,60
2336,60
2337,60
2338,60
2339,60
2340,60
2341,60
2342,60
2343,60
2349,60
2354,60
2355,60
2356,60
2359,60
2360,60
2361,60
2362,60
2363,60
2364,60
2365,60
2367,60
2368,60
2369,60
2370,60
2372,60
2377,60
2380,60
2383,60
2384,60
2385,60
2386,60
2389,60
2391,60
2394,60
2395,60
2397,60
2398,60
2404,60
2405,60
2406,60
2407,60
2408,80
2409,60
2410,60
2412,60
2418,60
2419,60
2421,60
2422,60
2423,60
2424,60
2426,60
2430,60
2431,60
2432,60
2435,60
2437,60
2438,60
2446,60
2447,60
2448,60
2449,60
2453,60
2454,60
2455,60
2457,60
2458,60
2470,60
2472,60
2474,60
2475,60
2476,60
2477,60
2478,60
2481,60
2482,60
2483,60
2484,60
2485,60
2488,60
2489,60
2490,60
2491,60
2492,60
2494,60
2497,60
2498,60
2499,60
2500,60
2501,60
2502,40
2504,40
2505,60
2506,60
2508,60
2509,60
2510,60
2511,60
2514,60
2515,60
2520,60
2521,60
2522,40
2524,60
2525,60
2526,60
2527,60
2528,60
2529,60
2530,60
2532,60
2533,60
2534,60
2535,60
2537,60
2538,60
2540,60
2542,40
2543,80
2549,60
2551,60
2660,60
2662,60
2663,60
2664,60
2665,60
2668,60
2669,60
2670,60
2671,60
2672,60
2673,60
2676,60
2680,80
2682,60
2683,60
2686,60
2688,60
2689,60
2699,60
2701,60
2702,20
2706,60
2707,60
2710,60
2712,20
2713,60
2746,60
2747,60
2757,60
2758,60
2759,60
2760,60
2761,60
2763,60
2764,60
2767,40
2768,60
2770,60
2775,60
2776,60
2777,60
2780,60
2782,60
2783,60
2784,60
2785,60
2786,60
2787,60
2788,60
2789,60
2790,60
2791,60
2792,60
2793,60
2794,60
2795,60
2796,60
2797,60
2798,60
2799,60
2800,60
2801,40
2802,60
2803,60
2804,60
2805,60
2806,40
2812,60
2814,60
2815,60
2816,60
2817,60
2820,60
2821,20
2822,60
2823,40
2824,60
2825,60
2827,40
2828,60
2829,60
2831,20
2832,60
2833,60
2835,60
2836,60
2837,40
2838,40
2839,60
2840,40
2841,60
2843,60
2844,60
2845,60
2848,60
2849,60
2850,60
2851,60
2852,60
2853,60
2854,60
2855,40
2856,40
2857,60
2858,60
2859,40
2861,60
2862,60
2863,60
2864,60
2865,60
2866,60
2867,60
2868,60
2869,60
2870,40
2872,60
2873,60
2874,60
2875,40
2876,40
2877,40
2878,60
2884,60
2886,60
2887,60
2888,60
2889,60
2890,60
2891,60
2892,60
2895,60
2896,60
2897,60
2898,40
2899,60
2900,60
2901,40
2902,40
2904,60
2905,60
2906,60
2907,60
2908,60
2909,60
2910,60
2911,60
2914,40
2915,40
2918,60
2919,40
2922,60
2923,60
2924,60
2925,60
2926,60
2927,60
2928,40
2929,60
2930,40
2931,60
2932,40
2933,60
2934,40
2935,60
2936,40
2937,40
2938,40
2939,60
2940,60
2945,60
2946,60
2947,40
2948,60
2949,60
2950,60
2951,40
2952,60
2953,60
2954,60
2957,60
2960,20
2961,60
2962,40
2963,60
2964,40
2965,60
2966,60
2968,40
2969,40
2970,60
2971,40
2973,60
2975,40
2979,40
2981,60
2982,20
2983,60
2984,60
2986,60
2987,20
2988,60
2989,60
2990,60
2991,40
2992,40
2993,40
2994,60
2996,60
2998,60
2999,60
3001,60
3002,60
3003,40
3004,40
3005,100
3006,60
3007,60
3009,40
3010,60
3011,60
3012,60
3088,60
3089,60
3091,60
3092,60
