from_stop_id,to_stop_id,transfer_type,min_transfer_time
74,1,2,0
2426,1,2,0
3,2,2,0
77,2,2,0
2,3,2,0
77,3,2,0
73,4,2,0
2528,4,2,0
5,5,1,
2847,5,2,0
4973,5,2,0
72,6,2,0
71,7,2,0
8,8,1,
121,11,2,0
70,13,2,0
16,15,2,0
15,16,2,0
16,16,1,
5937,17,2,0
5938,18,2,0
19,19,1,
5940,20,2,0
21,21,2,0
5056,22,2,0
5941,23,2,0
5943,24,2,0
25,25,1,
5944,26,2,0
5946,27,2,0
5947,28,2,0
5948,29,2,0
5949,30,2,0
5951,31,2,0
32,32,1,
5952,32,1,
33,33,1,
5953,33,1,
5954,34,2,0
5955,35,2,0
36,36,2,0
5934,37,2,0
5956,38,2,0
68,39,2,0
5957,40,2,0
5959,41,2,0
5960,42,2,0
5961,43,2,0
67,44,2,0
66,45,2,0
65,46,2,0
64,47,2,0
5805,48,2,0
63,49,2,0
62,50,2,0
5963,51,2,0
61,52,2,0
60,53,2,0
59,54,2,0
54,59,2,0
53,60,2,0
52,61,2,0
50,62,2,0
49,63,2,0
47,64,2,0
46,65,2,0
45,66,2,0
44,67,2,0
39,68,2,0
13,70,2,0
7,71,2,0
6,72,2,0
4,73,2,0
2528,73,2,0
1,74,2,0
2426,74,2,0
2,77,2,0
3,77,2,0
2548,77,2,0
134,79,2,0
2572,79,2,0
132,82,2,0
131,83,2,0
88,88,1,
130,88,1,
129,96,2,0
128,97,2,0
2246,99,2,0
100,100,1,
127,100,1,
126,101,2,0
104,103,2,0
125,103,2,0
103,104,2,0
125,104,2,0
124,109,2,0
112,112,1,
667,115,2,0
116,116,1,
123,117,2,0
11,121,2,0
117,123,2,0
109,124,2,0
103,125,2,0
104,125,2,0
101,126,2,0
100,127,1,
127,127,1,
97,128,2,0
96,129,2,0
88,130,1,
130,130,1,
83,131,2,0
82,132,2,0
2574,133,2,0
79,134,2,0
2572,134,2,0
137,137,1,
145,145,1,
533,532,2,0
535,532,2,0
613,532,2,0
1108,532,2,0
1189,532,2,0
1190,532,2,0
1536,532,2,0
532,533,2,0
535,533,2,0
1536,533,2,0
532,535,2,0
533,535,2,0
1536,535,2,0
542,542,1,
546,546,1,
552,548,2,0
2576,548,2,0
551,549,2,0
549,551,2,0
548,552,2,0
2576,552,2,0
565,557,2,0
564,558,2,0
6187,6187,2,0
560,560,2,0
6189,6189,2,0
6190,562,2,0
563,563,2,0
558,564,2,0
557,565,2,0
568,567,2,0
567,568,2,0
1248,578,1,
611,579,2,0
580,580,1,
610,580,2,0
1046,584,2,0
586,586,1,
587,587,1,
589,589,1,
590,590,1,
609,593,2,0
608,595,2,0
943,596,2,0
597,597,1,
598,598,1,
607,598,1,
602,602,1,
598,607,1,
607,607,1,
595,608,2,0
593,609,2,0
580,610,1,
579,611,2,0
612,612,1,
5247,612,2,0
532,613,2,0
1108,613,2,0
1109,613,2,0
1189,613,2,0
1190,613,2,0
1530,613,2,0
1531,613,2,0
5650,614,2,0
615,615,1,
616,615,2,0
2174,615,2,0
615,616,2,0
616,616,1,
2174,616,2,0
632,618,2,0
5145,619,2,0
1503,624,2,0
1502,626,2,0
6159,627,2,0
618,632,2,0
633,633,1,
636,636,1,
672,640,2,0
671,647,2,0
670,654,2,0
664,664,1,
669,664,2,0
115,667,2,0
664,669,1,
654,670,2,0
647,671,2,0
640,672,2,0
673,673,1,
1028,673,1,
4497,675,2,0
4496,676,2,0
934,682,2,0
1258,683,2,0
703,691,2,0
691,703,2,0
881,722,2,0
725,725,1,
839,725,1,
726,726,1,
727,727,1,
865,727,2,0
5018,727,2,0
6088,728,2,0
3944,6087,2,0
3971,6087,2,0
6087,6087,2,0
6086,731,2,0
6085,733,2,0
863,734,2,0
6084,735,2,0
736,736,1,
6083,736,1,
6081,737,2,0
6094,739,2,0
6093,740,2,0
861,741,2,0
742,742,1,
859,743,2,0
748,744,2,0
858,744,2,0
2806,744,2,0
857,745,2,0
6090,746,2,0
744,748,2,0
858,748,2,0
2806,748,2,0
855,749,1,
854,750,2,0
751,751,1,
6091,751,1,
853,752,2,0
851,754,2,0
850,755,2,0
868,756,2,0
757,757,1,
829,758,2,0
827,759,2,0
5965,760,2,0
826,761,2,0
5966,762,2,0
825,763,2,0
824,764,2,0
823,765,2,0
5967,766,2,0
822,767,2,0
821,768,2,0
820,769,2,0
819,770,2,0
818,771,2,0
817,772,2,0
5968,773,2,0
5970,774,2,0
5971,775,2,0
5972,776,2,0
816,777,2,0
895,778,2,0
815,779,2,0
814,780,2,0
5973,781,2,0
813,782,2,0
812,783,2,0
811,784,2,0
809,785,2,0
5976,786,2,0
5977,787,2,0
5978,788,2,0
808,789,2,0
807,790,2,0
5980,791,2,0
5981,792,2,0
795,793,2,0
798,793,2,0
5982,793,2,0
5983,794,2,0
793,795,2,0
798,795,2,0
793,798,2,0
795,798,2,0
5984,799,2,0
804,800,2,0
803,801,2,0
801,803,2,0
800,804,2,0
805,805,2,0
790,807,2,0
789,808,2,0
785,809,2,0
784,811,2,0
783,812,2,0
782,813,2,0
780,814,2,0
779,815,2,0
777,816,2,0
772,817,2,0
771,818,2,0
770,819,2,0
769,820,2,0
768,821,2,0
767,822,2,0
765,823,2,0
764,824,2,0
763,825,2,0
761,826,2,0
759,827,2,0
758,829,2,0
830,830,1,
5809,835,2,0
5808,837,2,0
725,839,1,
839,839,1,
880,846,2,0
755,850,2,0
754,851,2,0
856,852,2,0
752,853,2,0
750,854,2,0
749,855,2,0
855,855,1,
852,856,2,0
745,857,2,0
744,858,2,0
748,858,2,0
2806,858,2,0
743,859,2,0
741,861,2,0
734,863,2,0
727,865,1,
5018,865,2,0
756,868,2,0
869,869,1,
870,869,1,
869,870,1,
870,870,1,
879,874,2,0
878,878,2,0
874,879,2,0
846,880,2,0
722,881,2,0
894,884,2,0
6117,887,2,0
884,894,2,0
778,895,2,0
2150,897,2,0
905,899,2,0
899,905,2,0
906,906,1,
909,909,1,
913,913,1,
933,919,2,0
919,933,2,0
682,934,2,0
939,939,1,
940,940,1,
942,940,2,0
940,942,1,
596,943,2,0
949,947,2,0
947,949,2,0
975,975,1,
4327,977,1,
5609,977,2,0
1003,1003,1,
1021,1004,2,0
1020,1005,2,0
1019,1006,2,0
1009,1009,1,
1018,1009,2,0
1017,1010,2,0
1016,1011,2,0
1015,1014,2,0
1014,1015,2,0
1011,1016,2,0
1010,1017,2,0
1009,1018,1,
1006,1019,2,0
1005,1020,2,0
1004,1021,2,0
1026,1023,2,0
1025,1024,2,0
1024,1025,2,0
1023,1026,2,0
673,1028,1,
1028,1028,1,
1029,1029,1,
584,1046,2,0
1048,1048,1,
1092,1049,2,0
1091,1050,2,0
6057,1051,2,0
6059,1052,2,0
1090,1053,2,0
6061,1054,2,0
6062,1055,2,0
1056,1056,1,
6063,1057,2,0
6064,1058,2,0
1089,1059,2,0
1088,1060,2,0
6065,1061,2,0
1062,1062,1,
1087,1062,1,
1085,1063,2,0
6068,1064,1,
6069,1065,2,0
6070,1066,2,0
6071,1067,2,0
1083,1069,2,0
6078,1070,2,0
6072,1071,2,0
6073,1072,2,0
6074,1073,2,0
1074,1074,1,
1082,1074,1,
1081,1075,2,0
6075,1076,2,0
6076,1078,2,0
1080,1079,2,0
1079,1080,2,0
1075,1081,2,0
1074,1082,1,
1082,1082,1,
1069,1083,2,0
1063,1085,2,0
1062,1087,1,
1087,1087,1,
1060,1088,2,0
1059,1089,2,0
1053,1090,2,0
1050,1091,2,0
1049,1092,2,0
1093,1093,1,
1239,1093,1,
1095,1095,1,
1099,1098,2,0
1098,1099,2,0
4616,1100,2,0
1103,1103,1,
5196,1106,2,0
532,1108,2,0
613,1108,2,0
1109,1108,2,0
1189,1108,2,0
1190,1108,2,0
1530,1108,2,0
1531,1108,2,0
613,1109,2,0
1108,1109,2,0
1110,1109,2,0
1189,1109,2,0
1530,1109,2,0
1531,1109,2,0
6134,1109,2,0
1109,1110,2,0
1111,1110,2,0
1530,1110,2,0
1531,1110,2,0
6124,1110,2,0
1110,1111,2,0
6123,1111,2,0
1188,1112,2,0
6125,1113,2,0
1187,1114,1,
6126,1115,2,0
6127,1116,2,0
1186,1117,2,0
1185,1118,2,0
6129,1119,2,0
1120,1120,1,
1184,1120,1,
1933,1120,1,
1956,1120,2,0
6131,1121,2,0
6132,1122,2,0
1183,1123,1,
1182,1124,2,0
1181,1125,2,0
1126,1126,1,
1865,1126,1,
2242,1126,2,0
2244,1126,2,0
5475,1126,2,0
1180,2187,2,0
2187,2187,2,0
1128,1128,1,
1179,1128,2,0
1178,1129,1,
1177,1130,2,0
6044,1131,2,0
1176,1132,2,0
1175,1133,2,0
1174,1134,2,0
1135,1135,1,
1173,1135,1,
6046,1136,2,0
6047,1137,2,0
1172,1138,2,0
6048,1139,2,0
1140,1140,1,
1171,1140,2,0
2238,1141,2,0
6049,1142,2,0
6050,1143,2,0
6052,1144,2,0
1146,1146,1,
1169,1147,2,0
1167,1149,2,0
1166,1150,2,0
1165,1151,2,0
2250,1153,2,0
1159,1158,2,0
1158,1159,2,0
2248,1163,2,0
1151,1165,2,0
1150,1166,2,0
1149,1167,2,0
1147,1169,2,0
1170,1170,1,
1140,1171,1,
1138,1172,2,0
1135,1173,1,
1173,1173,1,
1134,1174,2,0
1133,1175,2,0
1132,1176,2,0
1130,1177,2,0
1129,1178,2,0
1178,1178,1,
1128,1179,1,
2187,1180,2,0
1125,1181,2,0
1124,1182,2,0
1123,1183,2,0
1183,1183,1,
1120,1184,1,
1184,1184,1,
1933,1184,1,
1956,1184,1,
1118,1185,2,0
1117,1186,2,0
1114,1187,2,0
1187,1187,1,
1112,1188,2,0
532,1189,2,0
613,1189,2,0
1108,1189,2,0
1109,1189,2,0
1530,1189,2,0
1531,1189,2,0
532,1190,2,0
613,1190,2,0
1108,1190,2,0
1193,1193,1,
1218,1204,2,0
1219,1209,2,0
1204,1218,2,0
1209,1219,2,0
1227,1221,1,
1240,1225,2,0
1221,1227,2,0
1227,1227,1,
1238,1237,2,0
1237,1238,2,0
1093,1239,1,
1239,1239,1,
1225,1240,2,0
578,1248,2,0
1248,1248,1,
683,1258,2,0
1273,1272,2,0
1272,1273,2,0
1458,1458,1,
1459,1459,1,
1467,1467,1,
1478,1478,2,0
6194,1479,2,0
1480,1480,2,0
1480,6196,2,0
6196,6196,2,0
626,1502,2,0
624,1503,2,0
1556,1507,2,0
1555,1508,2,0
1554,1509,2,0
1553,1510,2,0
1552,1511,2,0
1551,1512,2,0
1550,1513,1,
1549,1514,2,0
1548,1515,2,0
1547,1517,2,0
1519,1519,1,
1546,1523,2,0
1545,1527,2,0
613,1530,2,0
1108,1530,2,0
1109,1530,2,0
1110,1530,2,0
1189,1530,2,0
1531,1530,2,0
613,1531,2,0
1108,1531,2,0
1109,1531,2,0
1110,1531,2,0
1189,1531,2,0
1530,1531,2,0
1807,1535,2,0
1808,1535,2,0
1853,1535,2,0
2380,1535,2,0
532,1536,2,0
533,1536,2,0
535,1536,2,0
1544,1540,2,0
1540,1544,2,0
1527,1545,2,0
1523,1546,2,0
1517,1547,2,0
1515,1548,2,0
1514,1549,2,0
1513,1550,2,0
1550,1550,1,
1512,1551,2,0
1511,1552,2,0
1510,1553,2,0
1509,1554,2,0
1508,1555,2,0
1507,1556,2,0
1572,1572,1,
1618,1573,2,0
1619,1574,2,0
6137,1575,2,0
6138,1576,2,0
1620,1577,2,0
1621,1578,2,0
1622,1579,2,0
1623,1580,2,0
6140,1581,2,0
1624,1582,2,0
1625,1583,2,0
1626,1584,2,0
1585,1585,1,
1627,1585,1,
1629,1586,1,
1587,1587,1,
6141,1587,1,
1628,1588,2,0
1630,1589,2,0
1631,1592,2,0
6142,1593,2,0
6143,1597,2,0
1632,1598,2,0
1633,1599,2,0
1634,1600,2,0
1635,1601,2,0
6145,1602,2,0
4953,1603,2,0
1636,1604,2,0
1637,1605,1,
6147,1609,2,0
1638,1610,2,0
1639,1611,2,0
1640,1612,2,0
6150,1613,2,0
1641,1614,2,0
6151,1615,2,0
6152,1616,2,0
1617,1617,1,
1573,1618,2,0
1574,1619,2,0
1577,1620,2,0
1578,1621,2,0
1579,1622,2,0
1580,1623,2,0
1582,1624,2,0
1583,1625,2,0
1584,1626,2,0
1585,1627,1,
1627,1627,1,
1588,1628,2,0
1586,1629,2,0
1629,1629,1,
1589,1630,2,0
1592,1631,2,0
1598,1632,2,0
1599,1633,2,0
1600,1634,2,0
1601,1635,2,0
1604,1636,2,0
1605,1637,2,0
1637,1637,1,
1610,1638,2,0
1611,1639,2,0
1612,1640,2,0
1614,1641,2,0
1647,1643,2,0
1646,1644,2,0
1644,1646,2,0
1643,1647,2,0
1684,1649,2,0
1683,1651,2,0
1682,1653,2,0
1681,1654,2,0
1680,1655,2,0
1679,1656,2,0
1657,1657,2,0
1677,1658,2,0
1676,1659,2,0
1675,1661,2,0
1663,1663,1,
1674,1663,2,0
1673,1665,2,0
1672,1672,2,0
1670,1669,2,0
2293,1669,2,0
5266,1669,2,0
1669,1670,2,0
1665,1673,2,0
1663,1674,1,
1661,1675,2,0
1659,1676,2,0
1658,1677,2,0
1656,1679,2,0
1655,1680,2,0
1654,1681,2,0
1653,1682,2,0
1651,1683,2,0
1649,1684,2,0
1698,1696,2,0
1696,1698,2,0
1735,1703,2,0
1734,1705,2,0
1733,1706,2,0
1732,1707,2,0
1731,1708,2,0
1717,1712,2,0
1716,1713,2,0
1713,1716,2,0
1712,1717,2,0
1736,1723,2,0
1724,1724,1,
1730,1724,2,0
1729,1725,2,0
1725,1729,2,0
1724,1730,1,
1708,1731,2,0
1707,1732,2,0
1706,1733,2,0
1705,1734,2,0
1703,1735,2,0
1723,1736,2,0
1752,1749,2,0
1750,1750,1,
1749,1752,2,0
1766,1759,2,0
1759,1766,2,0
5484,1769,2,0
1777,1777,1,
1800,1781,2,0
1799,1782,2,0
1790,1790,1,
1782,1799,2,0
1781,1800,2,0
1535,1807,2,0
1808,1807,2,0
1853,1807,2,0
2380,1807,2,0
1535,1808,2,0
1807,1808,2,0
1853,1808,2,0
2380,1808,2,0
4477,1809,2,0
1817,1817,1,
1820,1818,2,0
1819,1819,1,
1818,1820,2,0
1822,1822,1,
1825,1825,1,
1831,1831,1,
1852,1832,2,0
1851,1833,2,0
1844,1844,1,
1833,1851,2,0
1832,1852,2,0
1535,1853,2,0
1807,1853,2,0
1808,1853,2,0
2380,1853,2,0
1126,1865,1,
1865,1865,1,
2242,1865,2,0
2244,1865,2,0
5475,1865,2,0
1885,1880,2,0
1884,1881,2,0
1881,1884,2,0
1880,1885,2,0
1886,1886,1,
1893,1893,1,
4261,1893,2,0
4263,1894,2,0
1895,1895,1,
4264,1895,2,0
4265,1896,2,0
4266,1897,2,0
4268,1898,2,0
4269,1899,2,0
4270,1900,2,0
4271,1901,2,0
4272,1902,2,0
4273,1903,2,0
4274,1904,1,
4276,1905,2,0
4277,1906,2,0
4278,1907,2,0
4279,1908,2,0
4280,1909,2,0
4281,1910,2,0
4282,1911,2,0
4283,1912,2,0
1915,1915,1,
1922,1920,2,0
1920,1922,2,0
1930,1930,1,
1120,1933,1,
1184,1933,1,
1933,1933,1,
1956,1933,2,0
1936,1936,1,
1952,1943,2,0
1954,1944,2,0
1951,1950,2,0
1950,1951,2,0
1943,1952,2,0
1944,1954,2,0
1120,1956,2,0
1184,1956,1,
1933,1956,2,0
1956,1956,1,
1958,1958,1,
1961,1961,1,
1962,1961,2,0
1961,1962,2,0
5769,1965,2,0
1969,1969,1,
1971,1971,1,
1979,1979,1,
1993,1993,1,
1998,1993,2,0
1993,1998,1,
1999,1999,1,
2004,2004,1,
2005,2005,1,
2010,2010,1,
2025,2025,1,
2029,2029,1,
2068,2066,2,0
2067,2067,1,
2066,2068,2,0
2069,2069,1,
2073,2073,1,
2099,2099,1,
2106,2104,2,0
2104,2106,2,0
2107,2107,1,
2125,2125,1,
2128,2128,1,
3494,2128,2,0
897,2150,2,0
615,2174,1,
616,2174,2,0
2231,2230,2,0
2230,2231,2,0
1141,2238,2,0
1126,2242,2,0
1865,2242,2,0
2244,2242,2,0
5475,2242,2,0
1126,2244,2,0
1865,2244,2,0
2242,2244,2,0
5475,2244,2,0
99,2246,2,0
1163,2248,2,0
1153,2250,2,0
6058,2255,2,0
6133,2264,2,0
5810,5810,2,0
5974,2269,2,0
6128,2281,2,0
6149,2289,2,0
1669,2293,2,0
6043,2316,2,0
5384,2334,2,0
5385,2335,2,0
4267,2348,2,0
6060,2357,2,0
2364,2364,1,
2373,2373,1,
1535,2380,2,0
1807,2380,2,0
1808,2380,2,0
1853,2380,2,0
5969,2382,2,0
2385,2385,1,
2600,2385,1,
2599,2386,2,0
2780,2386,2,0
2390,2389,2,0
2389,2390,2,0
2391,2390,2,0
2390,2391,2,0
2393,2392,2,0
2392,2393,2,0
2395,2394,2,0
2394,2395,2,0
3910,2395,2,0
2398,2397,2,0
2399,2397,2,0
2400,2397,2,0
2410,2397,2,0
2397,2398,2,0
2399,2398,2,0
2400,2398,2,0
2410,2398,2,0
2397,2399,2,0
2398,2399,2,0
2400,2399,2,0
2401,2399,2,0
2410,2399,2,0
2397,2400,2,0
2398,2400,2,0
2399,2400,2,0
2401,2400,2,0
2402,2400,2,0
2410,2400,2,0
2399,2401,2,0
2400,2401,2,0
2401,2401,1,
2402,2401,2,0
2410,2401,2,0
2400,2402,2,0
2401,2402,2,0
2410,2402,2,0
2405,2403,2,0
2406,2403,2,0
2403,2405,2,0
2406,2405,2,0
2403,2406,2,0
2405,2406,2,0
2408,2407,2,0
2409,2407,2,0
3911,2407,2,0
2407,2408,2,0
2409,2408,2,0
3911,2408,2,0
2407,2409,2,0
2408,2409,2,0
3911,2409,2,0
2397,2410,2,0
2398,2410,2,0
2399,2410,2,0
2400,2410,2,0
2401,2410,2,0
2402,2410,2,0
2601,2413,2,0
2415,2414,2,0
2602,2414,2,0
2414,2415,2,0
2602,2415,2,0
2417,2417,1,
2418,2417,2,0
2419,2417,2,0
2440,2417,1,
2604,2417,2,0
2417,2418,2,0
2419,2418,2,0
2440,2418,2,0
2604,2418,2,0
6098,2418,2,0
2417,2419,2,0
2418,2419,2,0
2440,2419,2,0
2604,2419,2,0
2422,2421,2,0
2421,2422,2,0
1,2426,2,0
74,2426,2,0
2427,2427,1,
2591,2427,1,
2430,2430,1,
2431,2431,1,
2433,2432,2,0
2432,2433,2,0
3901,2437,2,0
2417,2440,1,
2418,2440,2,0
2419,2440,2,0
2440,2440,1,
2604,2440,2,0
2442,2441,2,0
2605,2441,2,0
2441,2442,2,0
2605,2442,2,0
2614,2445,2,0
2446,2446,1,
2447,2446,2,0
2448,2446,2,0
5814,2446,1,
2446,2447,2,0
2448,2447,2,0
5813,2447,2,0
2446,2448,2,0
2447,2448,2,0
2448,2448,1,
5731,2448,2,0
5732,2448,2,0
2454,2454,1,
2456,2455,2,0
2457,2455,2,0
2455,2456,2,0
2457,2456,2,0
2458,2456,2,0
2455,2457,2,0
2456,2457,2,0
2458,2457,2,0
2456,2458,2,0
2457,2458,2,0
2460,2459,2,0
2459,2460,2,0
2463,2462,2,0
2464,2462,2,0
2462,2463,2,0
2464,2463,2,0
2462,2464,2,0
2463,2464,2,0
2615,2465,2,0
2467,2466,2,0
2468,2466,2,0
2469,2466,2,0
2470,2466,2,0
2466,2467,2,0
2468,2467,2,0
2469,2467,2,0
2470,2467,2,0
2466,2468,2,0
2467,2468,2,0
2469,2468,2,0
2470,2468,2,0
2466,2469,2,0
2467,2469,2,0
2468,2469,2,0
2470,2469,2,0
2466,2470,2,0
2467,2470,2,0
2468,2470,2,0
2469,2470,2,0
2478,2478,1,
2511,2511,1,
2581,2511,1,
2512,2512,1,
2580,2512,1,
2513,2513,1,
2579,2513,1,
4543,2513,2,0
2834,2514,2,0
2517,2516,2,0
2518,2516,2,0
2516,2517,2,0
2518,2517,2,0
2516,2518,2,0
2517,2518,2,0
2519,2519,1,
2579,2519,1,
2520,2520,1,
2578,2520,2,0
2526,2524,2,0
2527,2524,2,0
2524,2526,2,0
2527,2526,2,0
2524,2527,2,0
2526,2527,2,0
4,2528,2,0
73,2528,2,0
2528,2528,2,0
2748,2530,2,0
2532,2532,1,
2534,2532,2,0
2534,2533,2,0
2532,2534,2,0
2533,2534,2,0
2536,2536,1,
2537,2536,2,0
2539,2536,2,0
2540,2536,2,0
2541,2536,2,0
4013,2536,2,0
2536,2537,1,
2539,2537,2,0
2540,2537,2,0
2541,2537,2,0
4013,2537,2,0
2538,2538,1,
2539,2538,2,0
4013,2538,2,0
2536,2539,2,0
2537,2539,2,0
2538,2539,2,0
4013,2539,2,0
2536,2540,2,0
2537,2540,2,0
2541,2540,2,0
4013,2540,2,0
2536,2541,2,0
2537,2541,2,0
2540,2541,2,0
4013,2541,2,0
2542,2542,1,
2543,2542,2,0
2544,2542,2,0
2559,2542,2,0
2560,2542,2,0
2542,2543,2,0
2544,2543,2,0
2558,2543,2,0
2559,2543,2,0
2560,2543,2,0
2542,2544,2,0
2543,2544,2,0
2559,2544,2,0
2560,2544,2,0
5821,2547,2,0
77,2548,2,0
2551,2551,1,
2552,2551,2,0
2553,2551,2,0
2554,2551,2,0
2555,2551,2,0
2830,2551,2,0
2551,2552,2,0
2552,2552,1,
2553,2552,2,0
2830,2552,2,0
2551,2553,2,0
2552,2553,2,0
2554,2553,2,0
2555,2553,2,0
2830,2553,2,0
2551,2554,2,0
2553,2554,2,0
2555,2554,2,0
2830,2554,2,0
2551,2555,2,0
2553,2555,2,0
2554,2555,2,0
2543,2558,2,0
2559,2558,2,0
2560,2558,2,0
2542,2559,2,0
2543,2559,2,0
2544,2559,2,0
2558,2559,2,0
2560,2559,2,0
2542,2560,2,0
2543,2560,2,0
2544,2560,2,0
2558,2560,2,0
2559,2560,2,0
2837,2561,2,0
4198,2562,2,0
2566,2565,2,0
5798,2565,2,0
2565,2566,2,0
2566,2566,1,
2680,2566,2,0
2570,2570,1,
2590,2570,2,0
79,2572,2,0
134,2572,2,0
2918,2573,2,0
133,2574,2,0
548,2576,2,0
552,2576,2,0
2520,2578,2,0
2513,2579,1,
2519,2579,1,
2579,2579,1,
2512,2580,1,
2580,2580,1,
2511,2581,1,
2581,2581,1,
2661,2583,2,0
2586,2586,1,
2740,2586,2,0
2751,2586,1,
3917,2586,2,0
3918,2587,2,0
2746,2588,2,0
3490,2588,2,0
2589,2589,1,
2684,2589,1,
2570,2590,1,
2427,2591,1,
2591,2591,1,
2617,2593,1,
2618,2593,2,0
2778,2593,2,0
2739,2594,2,0
2738,2595,2,0
2737,2596,2,0
3895,2597,2,0
2736,2598,2,0
2386,2599,2,0
2780,2599,1,
2385,2600,1,
2600,2600,1,
2413,2601,2,0
2414,2602,2,0
2415,2602,2,0
2417,2604,1,
2418,2604,2,0
2419,2604,2,0
2440,2604,2,0
2441,2605,2,0
2442,2605,2,0
2609,2609,1,
2612,2611,2,0
2613,2611,2,0
2611,2612,2,0
2613,2612,2,0
2611,2613,2,0
2612,2613,2,0
2445,2614,2,0
2465,2615,2,0
5987,2616,2,0
2593,2617,2,0
2617,2617,1,
2618,2617,2,0
2778,2617,2,0
2593,2618,2,0
2617,2618,2,0
2778,2618,2,0
2621,2621,1,
2626,2622,2,0
2625,2624,2,0
2624,2625,2,0
2622,2626,2,0
2628,2627,2,0
2633,2627,2,0
2627,2628,2,0
2630,2628,2,0
2633,2628,2,0
2628,2630,2,0
2633,2630,2,0
2627,2633,2,0
2628,2633,2,0
2630,2633,2,0
2639,2638,2,0
4026,2638,2,0
2638,2639,2,0
4026,2639,2,0
2646,2645,2,0
2645,2646,2,0
2648,2647,2,0
4014,2647,2,0
4016,2647,2,0
2647,2648,2,0
4014,2648,2,0
4016,2648,2,0
2650,2649,2,0
2649,2650,2,0
2650,2650,1,
2655,2655,1,
2583,2661,2,0
2664,2664,1,
2666,2665,2,0
2665,2666,2,0
2668,2667,2,0
2669,2667,2,0
2667,2668,2,0
2669,2668,2,0
2667,2669,2,0
2668,2669,2,0
2674,2673,2,0
2675,2673,2,0
2711,2673,2,0
2673,2674,2,0
2674,2674,1,
2675,2674,2,0
2711,2674,2,0
2673,2675,2,0
2674,2675,2,0
2711,2675,2,0
2676,2676,1,
2677,2677,1,
5863,2677,1,
5905,2677,1,
2566,2680,2,0
2589,2684,1,
2684,2684,1,
2838,2685,2,0
4307,2686,2,0
4308,2686,2,0
2687,2687,1,
3319,2688,2,0
2695,2694,2,0
2694,2695,2,0
2747,2697,2,0
2702,2702,1,
4001,2702,2,0
2704,2703,2,0
2703,2704,2,0
2706,2705,2,0
2705,2706,2,0
4003,2707,2,0
4004,2707,2,0
4181,2707,2,0
2709,2708,2,0
2708,2709,2,0
4007,2709,2,0
2710,2710,1,
2673,2711,2,0
2674,2711,2,0
2675,2711,2,0
2714,2714,1,
2715,2714,2,0
4213,2714,2,0
5755,2714,1,
2714,2715,2,0
2716,2715,2,0
4213,2715,2,0
5756,2715,2,0
2715,2716,2,0
2718,2717,2,0
2719,2717,2,0
2717,2718,2,0
2719,2718,2,0
2720,2718,2,0
2717,2719,2,0
2718,2719,2,0
2720,2719,2,0
2718,2720,2,0
2719,2720,2,0
2723,2722,2,0
2722,2723,2,0
2723,2723,1,
2732,2731,2,0
2731,2732,2,0
2598,2736,2,0
2596,2737,2,0
2595,2738,2,0
2594,2739,2,0
2586,2740,2,0
2751,2740,2,0
3917,2740,2,0
2588,2746,2,0
3490,2746,2,0
2697,2747,2,0
2530,2748,2,0
2586,2751,1,
2740,2751,2,0
2751,2751,1,
3917,2751,2,0
4083,2767,2,0
3972,2771,2,0
2776,2776,1,
2593,2778,2,0
2617,2778,2,0
2618,2778,2,0
2386,2780,2,0
2599,2780,2,0
2780,2780,1,
2790,2788,2,0
2788,2790,2,0
744,2806,2,0
748,2806,2,0
858,2806,2,0
2812,2812,1,
6056,2819,2,0
2825,2825,1,
2551,2830,2,0
2552,2830,2,0
2553,2830,2,0
2554,2830,2,0
2514,2834,2,0
2561,2837,2,0
2685,2838,2,0
5,2847,1,
2573,2918,2,0
3082,3082,1,
4329,3109,2,0
5916,3138,2,0
5964,3213,2,0
5253,3249,2,0
2688,3319,2,0
2588,3490,2,0
2746,3490,2,0
2128,3494,1,
3531,3531,1,
5846,3619,2,0
5194,3722,2,0
3871,3871,1,
2597,3895,2,0
2437,3901,2,0
2395,3910,2,0
2407,3911,2,0
2408,3911,2,0
2409,3911,2,0
2586,3917,2,0
2740,3917,2,0
2751,3917,2,0
2587,3918,2,0
4109,3928,2,0
6087,3944,2,0
3944,3944,1,
3971,3944,1,
3946,3946,1,
4082,3958,2,0
5939,3959,2,0
6087,3971,2,0
3944,3971,1,
3971,3971,1,
2771,3972,2,0
4275,3982,2,0
2702,4001,2,0
2707,4003,2,0
4004,4003,2,0
4181,4003,2,0
2707,4004,2,0
4003,4004,2,0
4181,4004,2,0
2709,4007,2,0
2536,4013,2,0
2537,4013,2,0
2538,4013,2,0
2539,4013,2,0
2540,4013,2,0
2541,4013,2,0
2647,4014,2,0
2648,4014,2,0
4016,4014,2,0
2647,4016,2,0
2648,4016,2,0
4014,4016,2,0
2638,4026,2,0
2639,4026,2,0
6045,4027,2,0
4068,4066,2,0
4066,4068,2,0
4738,4069,2,0
3958,4082,2,0
2767,4083,2,0
5594,4088,2,0
4743,4108,2,0
3928,4109,2,0
4154,4154,1,
6077,4155,2,0
5975,4167,2,0
5201,4178,2,0
2707,4181,2,0
4003,4181,2,0
4004,4181,2,0
2562,4198,2,0
5766,4200,2,0
2714,4213,2,0
2715,4213,2,0
4326,4224,2,0
4243,4243,2,0
4411,4257,2,0
1893,4261,1,
1894,4263,2,0
1895,4264,1,
1896,4265,2,0
1897,4266,2,0
2348,4267,2,0
1898,4268,2,0
1899,4269,2,0
1900,4270,2,0
1901,4271,2,0
1902,4272,2,0
1903,4273,2,0
1904,4274,2,0
4274,4274,1,
3982,4275,2,0
1905,4276,2,0
1906,4277,2,0
1907,4278,2,0
1908,4279,2,0
1909,4280,2,0
1910,4281,2,0
1911,4282,2,0
1912,4283,2,0
2686,4307,2,0
4308,4307,2,0
2686,4308,2,0
4307,4308,2,0
6092,4310,2,0
6146,4311,2,0
5935,4312,2,0
4224,4326,2,0
977,4327,2,0
4327,4327,1,
3109,4329,2,0
4814,4379,2,0
5942,4381,2,0
4389,4389,1,
4257,4411,2,0
5936,4417,2,0
4426,4426,1,
5958,4437,2,0
5684,4461,2,0
1809,4477,2,0
676,4496,2,0
675,4497,2,0
4708,4497,2,0
2513,4543,1,
1100,4616,2,0
6139,4670,2,0
4497,4708,2,0
4710,4709,2,0
4709,4710,2,0
4749,4735,2,0
4747,4737,2,0
4069,4738,2,0
4745,4739,2,0
4742,4740,2,0
4746,4741,2,0
4740,4742,2,0
4108,4743,2,0
4739,4745,2,0
4741,4746,2,0
4737,4747,2,0
4735,4749,2,0
5398,4765,2,0
4798,4797,2,0
4797,4798,2,0
4802,4802,1,
4379,4814,2,0
5466,4845,2,0
5945,4862,2,0
6055,4874,2,0
4880,4880,1,
6066,4941,2,0
1603,4953,2,0
6130,4961,2,0
4967,4967,1,
4969,4967,2,0
4967,4969,1,
5,4973,1,
727,5018,1,
865,5018,2,0
5979,5043,2,0
22,5056,2,0
5722,5063,2,0
5685,5075,2,0
5123,5082,2,0
5082,5123,2,0
5134,5134,2,0
619,5145,2,0
5962,5150,2,0
6067,5180,2,0
5195,5191,2,0
3722,5194,2,0
5191,5195,2,0
1106,5196,2,0
4178,5201,2,0
5259,5207,2,0
6089,5240,2,0
612,5247,1,
3249,5253,2,0
5207,5259,2,0
1669,5266,2,0
6144,5275,2,0
2334,5384,2,0
2335,5385,2,0
4765,5398,2,0
5491,5436,2,0
4845,5466,2,0
1126,5475,2,0
1865,5475,1,
2242,5475,2,0
2244,5475,2,0
1769,5484,2,0
5436,5491,2,0
5950,5499,2,0
4088,5594,2,0
5825,5602,2,0
977,5609,2,0
5649,5646,2,0
5646,5649,2,0
614,5650,2,0
5681,5666,2,0
5672,5672,1,
5666,5681,2,0
4461,5684,2,0
5075,5685,2,0
5691,5691,1,
5730,5718,1,
5063,5722,2,0
6148,5728,2,0
5718,5730,2,0
5730,5730,1,
2448,5731,1,
2448,5732,1,
5811,5732,1,
5734,5734,1,
5749,5749,1,
2714,5755,1,
5755,5755,1,
2715,5756,2,0
4200,5766,2,0
1965,5769,2,0
2565,5798,2,0
5804,5804,1,
48,5805,2,0
837,5808,2,0
835,5809,2,0
5732,5811,2,0
5811,5811,1,
2447,5813,2,0
2446,5814,1,
5814,5814,1,
2547,5821,2,0
5824,5824,1,
5602,5825,2,0
6015,5843,2,0
3619,5846,2,0
2677,5863,1,
5863,5863,1,
5905,5863,1,
2677,5905,1,
5863,5905,1,
5905,5905,1,
3138,5916,2,0
37,5934,2,0
4312,5935,2,0
4417,5936,2,0
17,5937,2,0
18,5938,2,0
3959,5939,2,0
20,5940,2,0
23,5941,2,0
4381,5942,2,0
24,5943,2,0
26,5944,2,0
4862,5945,2,0
27,5946,2,0
28,5947,2,0
29,5948,2,0
30,5949,2,0
5499,5950,2,0
31,5951,2,0
32,5952,1,
5952,5952,1,
33,5953,1,
5953,5953,1,
34,5954,2,0
35,5955,2,0
38,5956,2,0
40,5957,2,0
4437,5958,2,0
41,5959,2,0
42,5960,2,0
43,5961,2,0
5150,5962,2,0
51,5963,2,0
3213,5964,2,0
760,5965,2,0
762,5966,2,0
766,5967,2,0
773,5968,2,0
2382,5969,2,0
774,5970,2,0
775,5971,2,0
776,5972,2,0
781,5973,2,0
2269,5974,2,0
4167,5975,2,0
786,5976,2,0
787,5977,2,0
788,5978,2,0
5043,5979,2,0
791,5980,2,0
792,5981,2,0
793,5982,2,0
794,5983,2,0
799,5984,2,0
2616,5987,2,0
5843,6015,2,0
2316,6043,2,0
1131,6044,2,0
4027,6045,2,0
1136,6046,2,0
1137,6047,2,0
1139,6048,2,0
1142,6049,2,0
1143,6050,2,0
1144,6052,2,0
4874,6055,2,0
2819,6056,2,0
1051,6057,2,0
2255,6058,2,0
1052,6059,2,0
2357,6060,2,0
1054,6061,2,0
1055,6062,2,0
1057,6063,2,0
1058,6064,2,0
1061,6065,2,0
4941,6066,2,0
5180,6067,2,0
1064,6068,2,0
6068,6068,1,
1065,6069,2,0
1066,6070,2,0
1067,6071,2,0
1071,6072,2,0
1072,6073,2,0
1073,6074,2,0
1076,6075,2,0
1078,6076,2,0
4155,6077,2,0
1070,6078,2,0
737,6081,2,0
736,6083,1,
6083,6083,1,
735,6084,2,0
733,6085,2,0
731,6086,2,0
728,6088,2,0
5240,6089,2,0
746,6090,2,0
751,6091,1,
6091,6091,1,
4310,6092,2,0
740,6093,2,0
739,6094,2,0
2418,6098,2,0
887,6117,2,0
6121,6119,2,0
6119,6121,2,0
1111,6123,2,0
1110,6124,2,0
1113,6125,2,0
1115,6126,2,0
1116,6127,2,0
2281,6128,2,0
1119,6129,2,0
4961,6130,2,0
1121,6131,2,0
1122,6132,2,0
2264,6133,2,0
1109,6134,2,0
1575,6137,2,0
1576,6138,2,0
4670,6139,2,0
1581,6140,2,0
1587,6141,1,
6141,6141,1,
1593,6142,2,0
1597,6143,2,0
5275,6144,2,0
1602,6145,2,0
4311,6146,2,0
1609,6147,2,0
5728,6148,2,0
2289,6149,2,0
1613,6150,2,0
1615,6151,2,0
1616,6152,2,0
627,6159,2,0
6162,6161,2,0
6161,6162,2,0
6165,6164,2,0
6164,6165,2,0
6171,6170,2,0
6170,6171,2,0
6177,6174,2,0
6174,6177,2,0
6179,6178,2,0
6178,6179,2,0
562,6190,2,0
1479,6194,2,0
6196,1480,2,0
